100 0.104023
200 0.100276
300 0.0993541
400 0.0993807
500 0.0988538
600 0.0987521
700 0.0986789
800 0.0984273
900 0.0984176
1000 0.0984792
1100 0.0982191
1200 0.0982211
1300 0.0980875
1400 0.0980264
1500 0.0978798
1600 0.0978277
1700 0.097968
1800 0.0979631
1900 0.0979278
2000 0.0978794
2100 0.0979127
2200 0.0979307
2300 0.0979135
2400 0.0979781
2500 0.097929
2600 0.09795
2700 0.097941
2800 0.0978981
2900 0.0979133
3000 0.0979607
3100 0.0978844
3200 0.0978884
3300 0.0978389
3400 0.0978277
3500 0.0977704
3600 0.0977523
3700 0.0978063
3800 0.097808
3900 0.0977947
4000 0.097768
4100 0.0977877
4200 0.0977658
4300 0.0977739
4400 0.0978089
4500 0.0977802
4600 0.0977937
4700 0.0977934
4800 0.0978128
4900 0.0978278
5000 0.0978563
5100 0.0978076
5200 0.0978023
5300 0.0977731
5400 0.0977672
5500 0.0977319
5600 0.0977196
5700 0.0977633
5800 0.0977652
5900 0.0977571
6000 0.0977437
6100 0.0977574
6200 0.097743
6300 0.0977489
6400 0.0977697
6500 0.0977575
6600 0.0977638
6700 0.0977606
6800 0.0977725
6900 0.0977742
7000 0.0978084
7100 0.0977795
7200 0.0977859
7300 0.0977649
7400 0.0977607
7500 0.0977349
7600 0.0977258
7700 0.097758
7800 0.0977595
7900 0.0977536
8000 0.097749
8100 0.0977583
8200 0.0977474
8300 0.0977518
8400 0.0977704
8500 0.0977664
8600 0.0977711
8700 0.0977686
8800 0.0977794
8900 0.0977676
9000 0.0977741
9100 0.0977592
9200 0.0977559
9300 0.097743
9400 0.0977391
9500 0.0977166
9600 0.097712
9700 0.097733
9800 0.0977352
9900 0.0977298
10000 0.0977264
